0.999276
0.997981
0.996678
0.994745
0.993380
0.991670
0.990099
0.989031
0.988163
0.987162
0.985640
0.984463
0.983657
0.982823
0.982144
0.980946
0.979752
0.985723
0.983924
0.982655
0.981959
0.981369
0.980287
0.979020
0.977608
0.976039
0.974453
0.972825
0.971028
0.968862
0.966987
0.965477
0.964225
0.963412
0.962628
0.961463
0.959659
0.957508
0.956353
0.955661
0.955004
0.954210
0.952572
0.950214
0.994234
1.000000
1.000000
1.000000
0.999857
0.996303
1.000000
1.000000
1.000000
0.997674
1.000000
1.000000
0.997505
0.994888
1.000000
0.997541
0.994443
0.991329
0.988108
1.000000
1.000000
0.997459
0.994382
1.000000
0.997582
0.994825
0.991408
0.987803
0.985069
0.997891
0.994670
0.989786
0.982479
0.985019
0.983675
0.976803
0.969367
0.970510
0.965388
0.962419
0.959518
0.956860
0.953903
0.950585
0.946943
0.943070
0.939029
0.934399
0.928929
0.956251
0.952022
0.947333
0.940592
0.956153
0.965153
0.955369
0.993636
0.987197
0.981122
0.974427
0.549009
0.653995
0.664085
0.655876
0.693223
0.776058
0.770577
0.791601
0.907635
0.897047
0.890985
0.980931
1.000000
1.000000
0.991611
0.981824
0.969084
0.987863
0.979875
0.972557
0.964685
0.982624
0.976986
0.962993
0.949318
0.932167
0.911586
0.890278
0.871314
0.928982
0.949819
0.956036
0.947327
0.937550
0.926112
0.910815
0.891257
0.893858
0.916954
0.896623
0.952197
1.000000
1.000000
0.987408
1.000000
0.974166
0.943843
0.918377
0.896786
0.928263
0.895533
0.952897
0.955185
0.920184
0.883032
0.846223
0.816327
0.940627
0.921386
0.900683
0.930099
1.000000
0.998937
0.967581
0.940637
0.965866
0.957849
0.930432
0.949404
0.921417
0.897522
0.873453
0.887898
1.000000
0.968518
0.940642
0.909827
0.872866
0.831764
0.789784
0.751740
0.719823
0.684346
0.647588
0.665524
0.632915
0.596846
0.557876
0.517750
0.497360
0.480382
0.455344
0.429345
0.402636
0.373886
0.346187
0.317654
0.291652
0.265270
0.241205
0.218428
0.259387
0.234857
0.211603
0.189613
0.169393
0.153190
0.138338
0.123702
0.109595
0.095966
0.086191
0.077201
0.068424
0.060251
0.053152
0.048219
0.043205
0.039625
0.036096
0.032575
0.070110
0.062211
0.055266
0.048690
0.041973
0.035910
0.030847
0.027155
0.024220
0.021529
0.020008
0.019027
0.017284
0.015606
0.014138
0.012959
0.011856
0.011045
0.009775
0.008563
0.007575
0.007029
0.006626
0.006323
0.006035
0.006524
0.050847
0.048725
0.043692
0.038605
0.033624
0.029717
0.059180
0.055616
0.052008
0.047667
0.062611
0.058263
0.053467
0.049321
0.046595
0.043866
0.041469
0.087171
0.195325
0.191380
0.182557
0.172402
0.165864
0.160385
0.154306
0.147355
0.139983
0.132306
0.124515
0.116983
0.110772
0.105141
0.099993
0.095120
0.177505
0.178073
0.511614
0.508897
0.506384
0.667335
0.699334
0.781050
0.778196
0.774893
0.770713
0.779573
0.775022
0.781938
0.788398
0.785775
0.783102
0.780441
0.808432
0.805839
0.802157
0.847963
0.884727
0.881288
0.877596
0.879321
0.895203
0.911051
0.908833
0.906362
0.903381
0.899672
0.893681
0.891687
0.887791
0.885325
0.882941
0.879899
0.876098
0.874429
0.875052
0.917690
0.914546
0.911204
0.907008
0.949688
0.947119
0.988774
0.986528
0.984343
0.981731
0.978981
0.988110
0.984942
0.982621
0.980515
0.978602
0.976792
0.975348
0.973978
0.971754
0.970885
0.982280
0.999079
0.996282
0.994407
0.992318
0.989803
0.999210
0.999233
0.997895
0.995690
0.993892
0.991832
0.989560
0.999301
0.999078
0.997071
0.993748
0.999319
