0.373010
0.372121
0.371232
0.370343
0.369454
0.368565
0.367676
0.366786
0.365897
0.365008
0.364119
0.363230
0.362341
0.361451
0.360562
0.359854
0.360239
0.360809
0.361379
0.361948
0.362518
0.363088
0.363658
0.364227
0.364797
0.365367
0.365936
0.366506
0.367076
0.367646
0.368216
0.368785
0.369355
0.369925
0.370495
0.371064
0.371634
0.372204
0.372774
0.373343
0.373913
0.374483
0.375053
0.375623
0.376192
0.376771
0.377360
0.377949
0.378537
0.379126
0.379715
0.380303
0.380892
0.381481
0.382070
0.382658
0.383247
0.383836
0.384424
0.385013
0.385602
0.386190
0.386779
0.387368
0.387957
0.388545
0.389134
0.389723
0.390311
0.390900
0.391489
0.392077
0.392666
0.393255
0.394183
0.397169
0.400502
0.403836
0.407169
0.410502
0.413835
0.417168
0.420501
0.423834
0.427167
0.430500
0.433833
0.437166
0.440500
0.443833
0.447166
0.450499
0.453832
0.457165
0.460498
0.463831
0.467164
0.470497
0.473831
0.477164
0.480497
0.483830
0.487163
0.490496
0.493829
0.501162
0.512537
0.523912
0.535286
0.546661
0.558036
0.569410
0.580785
0.592160
0.603535
0.614910
0.626284
0.637659
0.649034
0.660408
0.671783
0.683158
0.694532
0.705907
0.717282
0.728657
0.740032
0.751406
0.762781
0.774155
0.785530
0.796905
0.808280
0.819655
0.831029
0.844639
0.871794
0.901232
0.930668
0.960106
0.989543
1.018980
1.048418
1.077855
1.107292
1.136729
1.166167
1.195603
1.225041
1.254478
1.283916
1.313352
1.342789
1.372227
1.401664
1.431102
1.460538
1.489975
1.519413
1.548851
1.578288
1.607724
1.637161
1.666599
1.696037
1.725474
1.778527
1.855446
1.932363
2.009280
2.086198
2.163116
2.240034
2.316951
2.393868
2.470787
2.547706
2.624621
2.701539
2.778458
2.855376
2.932295
3.009210
3.086128
3.163047
3.239965
3.316881
3.393799
3.470718
3.547636
3.624552
3.701471
3.778388
3.855307
3.932222
4.009140
4.078506
4.102067
4.117915
4.133764
4.149613
4.165462
4.181311
4.197159
4.213008
4.228857
4.244706
4.260554
4.276402
4.292252
4.308101
4.323949
4.339798
4.355647
4.371495
4.387344
4.403193
4.419041
4.434890
4.450739
4.466588
4.482437
4.498286
4.514134
4.529983
4.545832
4.561680
4.568269
4.518737
4.459748
4.400761
4.341772
4.282786
4.223799
4.164811
4.105821
4.046835
3.987848
3.928862
3.869873
3.810884
3.751898
3.692910
3.633921
3.574935
3.515946
3.456961
3.397972
3.338983
3.279997
3.221009
3.162020
3.103035
3.044045
2.985060
2.926071
2.867083
2.808097
2.751944
2.698654
2.645368
2.592079
2.538790
2.485503
2.432214
2.378927
2.325638
2.272349
2.219062
2.165772
2.112485
2.059197
2.005908
1.952621
1.899333
1.846045
1.792756
1.739468
1.686180
1.632892
1.579604
1.526315
1.473027
1.419739
1.366451
1.313163
1.259875
1.206586
1.157592
1.134627
1.116047
1.097465
1.078884
1.060303
1.041721
1.023140
1.004560
0.985979
0.967397
0.948817
0.930235
0.911655
0.893074
0.874493
0.855911
0.837330
0.818749
0.800169
0.781587
0.763006
0.744425
0.725844
0.707263
0.688682
0.670101
0.651520
0.632939
0.614358
0.595777
0.583189
0.576658
0.570127
0.563595
0.557064
0.550533
0.544002
0.537470
0.530939
0.524408
0.517877
0.511345
0.504814
0.498283
0.491752
0.485220
0.478689
0.472158
0.465627
0.459095
0.452564
0.446033
0.439502
0.432970
0.426439
0.419908
0.413377
0.406845
0.400314
0.393783
0.387949
0.386348
0.385458
0.384569
0.383680
0.382791
0.381902
0.381013
0.380123
0.379234
0.378345
0.377456
0.376567
0.375678
0.374789
0.373899
