5.722921
-5.803977
-5.734970
-0.879917
-5.197322
-2.447467
-3.510970
-8.208102
-10.674121
-9.025497
-3.984087
-7.134673
-11.613313
-11.262106
-5.180310
-7.427222
-7.480106
-0.708172
-2.555618
-6.861994
-13.914940
-15.823528
-8.857343
-7.005727
-5.736503
-4.486518
-4.382960
-4.098331
-2.916407
-0.609465
-2.457747
-5.158971
-7.471004
-12.564057
-13.024755
-8.448607
-3.167509
-1.013325
-8.655372
-14.615909
-15.253557
-13.149416
-4.603455
-0.101531
4.323820
1.780764
2.410522
8.397351
10.034681
5.457279
4.106018
9.020741
2.722138
-0.899096
1.717631
0.556433
-0.160484
0.458631
6.144480
-0.493485
2.762772
2.786642
5.718451
9.147840
-0.483798
-0.375738
2.313202
5.877407
4.891626
0.533223
3.640638
4.395836
0.257585
3.077479
2.526208
8.798547
15.200311
6.269668
7.105500
14.026482
15.277860
15.622317
9.850379
0.925751
0.539639
-0.670329
0.738306
2.386592
3.733670
4.621227
5.233454
7.281138
9.854931
18.180828
5.630986
7.173588
12.867676
10.669835
13.080802
18.799278
21.171482
11.665000
10.701466
12.215701
14.296408
11.392066
5.492078
10.376407
10.059178
11.318719
3.867239
8.203411
13.806659
13.911319
13.085574
15.054090
14.964004
9.272709
9.918002
12.333881
16.910879
11.748336
8.993749
7.601192
8.705007
12.083683
14.668883
17.884693
17.486858
21.332510
24.538815
25.205795
23.150911
18.385933
10.515589
7.129387
9.194016
10.772787
13.042252
17.593945
21.567162
22.616541
23.203789
21.465416
22.413162
18.462355
10.565226
12.190269
16.895077
23.796667
26.429829
23.129690
23.113722
21.121399
26.926439
27.608101
24.025398
27.423088
28.354687
28.068903
24.262428
23.507946
19.523960
17.128164
19.720793
19.598045
20.629232
23.334465
23.317270
22.348919
23.478020
25.146481
24.380072
20.797867
18.429764
18.142895
20.605646
21.701271
22.415075
20.266588
21.953938
25.121195
27.017189
27.422213
25.709127
22.694180
24.659809
25.525892
23.974356
23.553272
25.686050
27.575712
28.820509
26.274872
21.836670
22.949467
24.443119
25.440565
27.840544
28.398239
30.116756
29.546518
30.789232
30.050167
29.938124
25.383223
26.697535
27.367306
28.067814
28.983917
26.155264
25.935490
27.098349
27.993042
29.071508
24.944052
24.989880
26.177044
26.716623
26.151854
24.264578
24.055470
19.741892
20.922865
22.456745
23.700880
20.383879
20.333935
21.621780
24.494354
25.724098
25.789583
25.030001
22.036194
22.902878
23.788666
25.818670
21.893311
22.694244
22.587830
20.946287
21.702604
23.232658
27.838203
29.857941
29.286913
27.628342
18.193821
14.916148
15.242056
16.907482
18.102016
17.793407
18.685774
20.981838
23.165806
21.924969
11.614962
11.419564
12.825027
17.232239
17.352695
14.878872
17.992058
17.382292
12.289824
13.653973
13.019022
13.743046
12.903831
13.481110
15.012182
18.026455
11.625479
9.465524
11.715123
14.595315
16.434793
18.133715
19.581924
20.394396
18.657673
18.493462
18.529324
19.219242
18.460342
14.306500
12.653320
12.680724
12.552583
9.737669
8.162246
6.085257
4.957163
7.441969
11.457733
14.634153
13.516646
17.637922
10.224669
6.037212
6.715179
7.060356
8.123729
6.514508
12.439157
14.582779
5.875705
6.629855
7.852199
12.081673
12.768784
15.267480
7.184798
1.597703
4.460971
10.526399
15.665176
13.753914
9.038977
2.196276
1.798924
5.536853
9.081412
5.495908
6.479204
5.091174
5.695192
6.709149
10.325656
10.174927
2.570632
2.428084
0.519041
0.157252
2.802984
3.610159
10.175077
5.776297
1.168788
-0.143426
-1.380321
-0.129323
-4.820221
-5.447570
0.689399
2.027966
5.278007
10.939335
4.539639
-1.151625
0.249426
2.988314
6.728753
4.896687
2.826167
1.045368
-1.671710
0.057818
1.479352
0.860466
-0.028204
-0.320328
7.139068
5.359280
