71.730461
71.637344
71.543587
71.404640
71.306412
71.183479
71.070473
70.993629
70.931175
70.859192
70.749687
70.665016
70.606972
70.547012
70.608192
70.521500
70.434982
70.865692
70.735413
70.643532
70.593117
70.550415
70.472038
70.380241
70.277992
70.164398
70.049507
69.931587
69.801453
69.644547
69.508736
69.399315
69.308670
69.249741
69.192955
69.108620
68.977898
68.822113
68.738464
68.688293
68.640709
68.583237
68.464577
68.293777
71.475357
71.888374
71.888374
71.888374
71.877907
71.620529
71.888374
71.888374
71.888374
71.719917
71.888374
71.888374
71.707680
71.518127
71.888374
71.710281
71.485855
71.260284
71.027031
71.888374
71.888374
71.704323
71.481430
71.888374
71.713242
71.513519
71.266029
71.004868
70.806900
71.735367
71.502068
71.148270
70.618988
70.802879
70.705521
70.207726
69.669090
69.751793
69.380783
69.165672
68.955582
68.763046
68.548836
68.308502
68.044693
67.764168
67.471428
67.136047
66.739830
68.718239
68.411880
68.072273
67.583939
68.710724
69.362328
68.653679
71.424583
70.958191
70.518188
70.033264
79.266205
95.407211
97.320030
96.453300
102.843521
118.546112
117.962860
121.492538
143.488464
142.357315
141.824921
157.382751
160.997559
160.997559
160.100159
159.052979
157.696182
160.128082
159.273132
158.489792
157.646866
159.752762
159.317947
157.819595
156.354431
154.515823
152.307175
150.016739
147.966278
155.909424
157.450851
157.896179
156.931656
155.836746
154.542221
152.792648
150.531631
151.302032
154.857376
152.441788
157.621185
161.045349
161.045349
159.513794
161.045349
157.859253
154.093216
150.907776
148.229034
152.715805
148.543259
156.596329
157.108948
152.573563
147.727783
142.891983
138.932693
155.911240
153.366898
150.599442
154.638672
161.043930
160.920471
156.672943
153.005707
156.410263
155.294998
151.534821
154.063568
150.220551
146.931107
143.611328
145.506088
161.043930
156.686478
152.820755
148.538925
143.391998
137.654037
131.775253
126.426842
121.918945
116.883034
111.634331
113.904373
109.238342
104.038864
98.359070
92.414436
89.270523
86.630814
82.540924
78.369553
74.012474
69.194069
64.410912
59.352280
54.637058
49.779976
45.301308
41.035625
46.415047
42.467037
38.611149
34.856808
31.258978
28.347803
25.648193
22.960529
20.348778
17.810316
15.981812
14.296494
12.648767
11.112973
9.778206
8.786988
7.837433
7.164369
6.501153
5.839890
10.778508
9.706449
8.743793
7.811624
6.834968
5.925801
5.141567
4.551036
4.072254
3.625250
3.365655
3.147292
2.843376
2.552184
2.295173
2.087220
1.891718
1.747215
1.520874
1.304492
1.127988
1.030538
0.958893
0.905237
0.854506
0.886384
6.823845
6.570154
5.987195
5.390219
4.794792
4.315975
8.304725
7.883769
7.454929
6.934708
8.992496
8.475789
7.900274
7.395520
7.058486
6.717581
6.414487
12.688869
27.432354
27.006372
25.987677
24.818840
24.067295
23.438835
22.743259
21.948782
21.105503
20.224821
19.326117
18.449785
17.718517
17.047701
16.426313
15.829482
27.258842
27.506813
36.702942
36.505600
36.322914
47.881691
50.177959
56.045795
55.839157
55.600090
55.297459
55.930706
55.601227
56.094391
56.556023
56.366089
56.172436
55.979664
57.988663
57.800873
57.534107
60.852371
63.515553
63.266708
62.999619
63.124947
64.275726
65.423805
65.263466
65.084663
64.869041
64.600716
64.167328
64.019127
63.737583
63.559246
63.386768
63.166649
62.891659
62.771015
62.816376
65.904152
65.676781
65.434982
65.131454
68.222343
68.036484
71.052979
70.890480
70.732368
70.543427
70.344429
71.005821
70.776588
70.608673
70.456253
70.317863
70.186882
70.082375
69.983246
69.822372
69.759521
70.584877
71.688873
71.487953
71.353226
71.203194
71.022491
71.716492
71.721359
71.625343
71.466843
71.337646
71.189560
71.026268
71.735741
71.719856
71.575562
71.336601
71.739403
