0.000000
0.000000
0.000000
0.000000
0.000000
0.000000
0.000000
0.000000
0.000000
0.000000
0.000000
0.000000
0.000000
0.000000
0.000000
0.000000
0.000000
0.000000
0.000000
0.000000
0.000000
0.000000
0.000000
0.000000
0.000000
0.000000
0.000000
0.000000
0.000000
0.000000
0.000000
0.000000
0.000000
0.000000
0.000000
0.000000
0.000000
0.000000
0.000000
0.000000
0.000000
0.000000
0.000000
0.000000
0.000000
0.000000
0.000000
0.000000
0.000000
0.000000
0.000000
0.000000
0.000000
0.000000
0.000000
0.000000
0.000000
0.000000
0.000000
0.000000
0.000000
0.000000
0.000000
0.000000
0.000000
0.000000
0.000000
0.000000
0.000000
0.000000
0.000000
0.000000
0.000000
0.000000
0.000000
0.000000
0.000000
0.000000
0.000000
0.000000
0.000000
0.000000
0.000000
0.000000
0.000000
0.000000
0.000000
0.000000
0.000000
0.000000
0.000000
0.000000
0.000000
0.000000
0.000000
0.000000
0.000000
0.000000
0.000000
0.000000
0.000000
0.000000
0.000000
0.000000
0.309836
0.309836
0.309836
0.309836
0.309836
0.309836
0.309836
0.309836
0.309836
0.309836
0.309836
0.309836
0.309836
0.309836
0.309836
0.309836
0.309836
0.309836
0.309836
0.309836
0.309836
0.309836
0.309836
0.309836
0.309836
0.309836
0.309836
0.309836
0.310944
0.312960
0.314975
0.316991
0.333101
0.350953
0.368806
0.386658
0.404510
0.422363
0.440215
0.458067
0.475920
0.493772
0.511624
0.529477
0.547329
0.565181
0.583034
0.600886
0.618738
0.636591
0.654443
0.672296
0.690148
0.708000
0.725852
0.743705
0.761557
0.779410
0.797262
0.815114
0.832967
0.850819
0.868671
0.886523
0.904376
0.920313
0.936150
0.951987
0.967824
0.983661
0.999497
1.015334
1.031171
1.047008
1.062845
1.078682
1.094518
1.110355
1.126192
1.142029
1.157866
1.173702
1.189539
1.195082
1.195082
1.195082
1.195082
1.195082
1.195082
1.195082
1.195082
1.195082
1.195082
1.195082
1.195082
1.195082
1.195082
1.195082
1.195082
1.195082
1.195082
1.195082
1.195082
1.195082
1.195082
1.195082
1.195082
1.195082
1.195082
1.195082
1.195082
1.195082
1.195082
1.195082
1.195082
1.195082
1.195082
1.195082
1.195082
1.195082
1.195082
1.195082
1.195082
1.195082
1.195082
1.195082
1.195082
1.195082
1.195082
1.195082
1.195082
1.195082
1.195082
1.195082
1.195082
1.195082
1.195082
1.195082
1.195082
1.195082
1.195082
1.195082
1.195082
1.190424
1.172508
1.154591
1.136675
1.117710
1.098047
1.078384
1.058721
1.039057
1.019394
0.999731
0.980068
0.960405
0.940742
0.921078
0.901415
0.881752
0.862089
0.842426
0.822763
0.803099
0.783436
0.763773
0.744110
0.724447
0.704783
0.685120
0.665457
0.645794
0.626131
0.606468
0.586804
0.567141
0.547478
0.527815
0.508152
0.488488
0.468825
0.449162
0.429499
0.000000
0.000000
0.000000
0.000000
0.000000
0.000000
0.000000
0.000000
0.000000
0.000000
0.000000
0.000000
0.000000
0.000000
0.000000
0.000000
0.000000
0.000000
0.000000
0.000000
0.000000
0.000000
0.000000
0.000000
0.000000
0.000000
0.000000
0.000000
0.000000
0.000000
0.000000
0.000000
0.000000
0.000000
0.000000
0.000000
0.000000
0.000000
0.000000
0.000000
0.000000
0.000000
0.000000
0.000000
0.000000
0.000000
0.000000
0.000000
0.000000
0.000000
0.000000
0.000000
0.000000
0.000000
0.000000
0.000000
0.000000
0.000000
0.000000
0.000000
0.000000
0.000000
0.000000
0.000000
0.000000
0.000000
0.000000
0.000000
0.000000
0.000000
0.000000
0.000000
0.000000
0.000000
0.000000
0.000000
0.000000
0.000000
