6.550179
0.000000
0.000000
0.000000
0.000000
0.000000
0.000000
0.863857
0.000000
0.000000
3.293042
2.939541
0.000000
0.000000
0.000000
0.000000
0.000000
2.409137
0.650444
3.630170
1.736886
0.333941
0.000000
2.009471
0.000000
0.000000
0.000000
0.000000
0.000000
0.000000
0.000000
5.850852
31.177679
0.000000
0.000000
0.000000
2.487034
0.000000
0.000000
0.000000
0.000000
0.000000
0.000000
0.000000
0.000000
0.000000
0.000000
0.000000
0.000000
0.000000
8.106561
4.190212
5.234820
0.000000
3.913814
6.513050
0.000000
0.062890
10.188740
0.000000
0.000000
0.000000
0.244608
25.396687
2.807895
0.000000
0.000000
12.083341
0.443922
0.000000
0.000000
0.000000
0.000000
4.720285
0.000000
0.000000
0.000000
2.013333
0.969621
0.000000
0.000000
2.612390
0.149010
0.000000
0.000000
0.000000
0.000000
0.000000
0.000000
0.000000
0.000000
0.025501
0.000000
10.622350
0.000000
0.000000
0.000000
6.283460
4.685108
0.106878
14.364261
0.000000
0.000000
0.000000
0.000000
19.055052
3.086317
0.000000
8.607799
21.506191
0.000000
4.963346
29.938236
0.017830
0.674504
20.321997
9.412997
3.120832
0.000000
0.000000
0.171619
4.968570
0.000000
0.000000
0.000000
5.463394
0.953209
0.016212
0.000000
0.000000
0.000000
0.000000
0.004672
10.772604
8.265495
3.554584
0.000000
0.000000
0.000000
0.000000
0.000000
3.465844
6.412506
0.000000
17.700945
41.747665
4.974874
0.000000
23.825966
0.000000
0.000000
0.000000
0.842796
7.734810
0.000000
12.793797
4.514359
0.000000
0.000000
0.000000
0.000000
21.242128
0.941632
0.000000
7.692841
29.733915
3.829850
0.000000
1.033339
7.925681
3.721303
1.553018
7.693624
0.000000
0.563600
0.000000
6.297004
44.836380
0.450170
0.000000
0.000000
0.000000
0.000000
0.000000
0.275425
0.326109
0.000000
0.000000
7.951334
0.000000
0.000000
0.000000
0.000000
2.905600
2.176919
0.000091
0.000000
0.000000
0.000000
0.120234
0.010983
0.000000
0.000000
0.000000
0.000000
11.500734
0.000000
0.565970
0.000000
0.000000
0.000000
0.000000
0.000000
0.000000
0.000000
0.000000
0.000000
0.000000
0.000000
0.000000
0.037092
0.000000
0.000000
0.000000
0.000000
10.412729
0.000000
0.000000
0.000000
0.000000
0.000000
0.000000
1.281083
0.000000
0.000000
2.531027
2.327416
0.000000
0.000000
0.000000
0.000000
0.000000
1.802731
0.000000
0.000000
0.000000
2.266746
0.392953
0.000000
0.000000
0.000000
9.518711
2.195399
0.000000
0.000000
0.000000
0.100398
6.344612
0.000000
0.000000
0.000000
4.939367
0.011361
0.000000
0.000000
0.000000
0.000000
0.003338
8.386501
16.745224
1.311889
0.001068
0.000000
0.000000
0.000000
0.000000
0.000000
0.000000
0.000000
0.000000
0.000000
0.000000
0.000000
0.000000
0.000000
13.196855
1.582507
0.000000
0.000000
0.000000
12.133930
2.833167
6.360477
0.000000
0.000000
0.000000
1.256031
0.000000
1.161908
0.960868
0.000000
0.000000
0.000000
2.678669
0.000000
0.000000
15.048223
11.707829
0.000000
0.000000
2.122712
6.237019
6.480932
0.553143
0.000000
0.000000
0.333847
0.045663
1.109386
0.000000
0.000000
0.000000
0.000000
0.000000
0.521548
1.274950
13.255875
0.000000
0.000000
0.000000
13.598916
0.005568
12.808444
0.000000
0.000000
0.000000
0.000000
3.932622
0.000000
0.000000
0.094228
0.000000
0.175386
0.000000
0.000000
0.000000
0.535421
4.228918
23.071718
0.000000
0.000000
0.000000
0.000000
17.599010
3.345409
0.420585
0.000000
0.000000
0.000000
0.000000
10.364805
0.620336
0.000000
0.000000
3.905705
