71.517555
71.445610
71.335861
71.213669
71.118065
70.962479
70.823135
70.741524
70.680565
70.606834
70.479515
70.388771
70.332245
70.264488
69.915184
69.846252
69.749031
69.600159
69.527863
69.468025
69.416969
69.362671
69.300537
69.238586
69.096649
68.981506
68.855942
68.691422
68.512039
68.376213
68.246414
68.120392
68.040993
67.991081
67.914261
67.778389
67.610802
67.458397
67.399887
67.357018
67.305382
67.225662
67.038521
66.814369
72.198845
74.028755
76.703751
81.090485
81.066261
80.776299
81.608490
81.608490
81.400757
81.200684
80.956772
80.796356
80.664062
80.538979
80.377937
80.198540
79.960823
79.803207
79.914482
79.787910
79.604294
79.389786
79.118744
81.608490
81.338905
81.115349
80.744255
80.519714
80.323860
80.018600
79.666985
79.202019
78.631050
78.278381
80.211372
81.267616
80.886879
81.608490
81.297005
81.035507
80.725632
80.476959
80.202759
80.384262
80.075150
79.725006
79.319252
78.845001
78.318268
77.726517
77.342384
76.808647
76.247917
80.456696
79.857239
78.974586
77.976112
77.382736
76.717209
75.897888
59.568916
77.368286
76.699150
81.887405
83.230629
94.376122
93.727547
93.037178
93.090118
92.320961
91.451881
109.896866
110.206841
109.378586
108.523209
107.439590
106.244942
105.353607
104.551125
103.732147
102.738533
101.598267
100.236275
98.709641
97.041603
94.914337
92.063957
101.562546
112.358658
112.723755
124.486320
123.688591
122.507187
121.235779
119.646301
117.743423
135.595062
141.357956
138.861084
136.404678
150.322174
150.322174
148.661575
147.308273
145.238083
145.326492
141.818253
139.171677
136.200821
133.184662
128.707611
125.052803
121.050858
116.145889
111.088860
115.862129
150.322174
147.785797
145.059540
143.701416
143.753540
143.139557
139.795273
135.743164
131.364182
127.396194
130.285187
142.821259
142.198303
139.707962
136.867386
133.466171
131.657394
138.723740
135.111237
131.311371
126.811996
120.807602
115.197098
110.501801
106.753265
102.281761
97.897720
93.066895
96.805443
91.870270
86.769600
113.755440
108.733070
107.805550
103.605484
99.238106
93.795349
87.966576
81.743950
75.636490
69.613121
64.063278
72.173439
68.730362
64.718864
60.569939
56.448036
51.975731
47.545918
52.999046
49.257885
45.517792
41.719826
37.792725
34.314301
31.710625
34.402176
32.381531
29.617529
27.190464
25.165171
23.469227
21.969007
20.393148
18.693428
17.385656
15.962860
14.626860
13.351012
12.197993
11.095350
10.012710
9.104948
8.293361
7.483909
6.616038
6.000158
5.448687
4.927885
4.488341
4.122464
3.741726
17.372480
15.445651
13.211010
17.230618
46.978714
45.089619
43.346157
41.637478
39.833893
37.679436
35.531517
33.426418
31.228138
29.077368
27.601702
26.706127
25.848404
25.206535
24.141201
28.852621
27.392811
25.962831
25.025829
24.246260
23.467243
22.715866
24.961721
28.829630
27.711761
26.451181
25.405113
24.688398
24.049635
23.296980
22.451029
21.539154
20.587885
19.709595
18.706688
17.895306
17.207258
16.606146
16.038630
42.186226
41.257408
45.645252
45.231667
44.898056
44.593880
44.338245
44.100086
43.864796
43.605804
43.292297
42.964745
42.656509
42.303391
42.097263
41.922108
41.752811
42.011326
41.837158
41.677582
41.429188
57.032539
56.812244
56.584000
56.301800
56.029240
60.928104
69.008171
69.237999
68.998146
68.691452
68.310905
67.911438
67.542664
67.252724
67.053856
66.852577
66.503616
66.221397
66.044998
65.801270
65.552269
65.267014
64.862206
65.684769
65.407410
65.206261
65.011360
64.842697
64.649178
64.506424
64.362839
75.752998
75.589996
75.460892
75.358917
75.223656
75.088928
74.998192
74.871407
74.679550
74.870766
77.762848
78.610542
78.456329
78.307816
78.116318
77.846474
77.650002
77.473480
77.252052
77.126488
76.974731
76.773705
76.571129
76.344818
76.172028
75.959435
79.416367
81.807190
