0.000000
0.000000
0.000000
0.000000
0.000000
0.000000
0.000000
0.000000
0.000000
0.000000
0.000000
0.000000
0.000000
0.000000
0.000000
0.000000
0.000000
0.000000
0.000000
0.000000
0.000000
0.000000
0.000000
0.000000
0.000000
0.000000
0.000000
0.000000
0.000000
0.000000
0.000000
0.000000
0.000000
0.000000
0.000000
0.000000
0.000000
0.000000
0.000000
0.000000
0.000000
0.000000
0.000000
0.000000
0.000000
0.000000
0.000000
0.000000
0.000000
0.000000
0.000000
0.000000
0.000000
0.000000
0.000000
0.000000
0.000000
0.000000
0.000000
0.000000
0.000000
0.000000
0.000000
0.000000
0.000000
0.000000
0.000000
0.000000
0.000000
0.000000
0.000000
0.000000
0.000000
0.000000
0.000000
0.000000
0.000000
0.000000
0.000000
0.000000
0.000000
0.000000
0.000000
0.000000
0.000000
0.000000
0.000000
0.000000
0.000000
0.000000
0.000000
0.000000
0.000000
0.000000
0.000000
0.000000
0.000000
0.000000
0.000000
0.000000
0.000000
0.000000
0.000000
0.000000
0.395123
0.395123
0.395123
0.395123
0.395123
0.395123
0.395123
0.395123
0.395123
0.395123
0.395123
0.395123
0.395123
0.395123
0.395123
0.395123
0.395123
0.395123
0.395123
0.395123
0.395123
0.395123
0.395123
0.395123
0.395123
0.395123
0.395123
0.395123
0.405843
0.425336
0.444828
0.464320
0.484575
0.504924
0.525273
0.545622
0.565971
0.586320
0.606669
0.627018
0.647367
0.667716
0.688065
0.708414
0.728763
0.749112
0.769461
0.789810
0.810160
0.830509
0.850858
0.871207
0.891556
0.911905
0.932254
0.952603
0.972952
0.993301
1.013650
1.033999
1.054348
1.074697
1.095046
1.115395
1.135744
1.137575
1.138432
1.139289
1.140145
1.141002
1.141859
1.142715
1.143572
1.144429
1.145285
1.146142
1.146999
1.147855
1.148712
1.149569
1.150426
1.151282
1.152139
1.152439
1.152439
1.152439
1.152439
1.152439
1.152439
1.152439
1.152439
1.152439
1.152439
1.152439
1.152439
1.152439
1.152439
1.152439
1.152439
1.152439
1.152439
1.152439
1.152439
1.152439
1.152439
1.152439
1.152439
1.152439
1.152439
1.152439
1.152439
1.152439
1.152439
1.152439
1.152439
1.152439
1.152439
1.152439
1.152439
1.152439
1.152439
1.152439
1.152439
1.152439
1.152439
1.152439
1.152439
1.152439
1.152439
1.152439
1.152439
1.152439
1.152439
1.152439
1.152439
1.152439
1.152439
1.152439
1.152439
1.152439
1.152439
1.152439
1.152439
1.152187
1.151218
1.150248
1.149279
1.138174
1.120311
1.102449
1.084586
1.066724
1.048861
1.030999
1.013136
0.995274
0.977411
0.959549
0.941686
0.923824
0.905961
0.888098
0.870236
0.852373
0.834511
0.816648
0.798786
0.780923
0.763061
0.745198
0.727336
0.709473
0.691611
0.673748
0.655885
0.638023
0.620160
0.602298
0.584435
0.566573
0.548710
0.530848
0.512985
0.000000
0.000000
0.000000
0.000000
0.000000
0.000000
0.000000
0.000000
0.000000
0.000000
0.000000
0.000000
0.000000
0.000000
0.000000
0.000000
0.000000
0.000000
0.000000
0.000000
0.000000
0.000000
0.000000
0.000000
0.000000
0.000000
0.000000
0.000000
0.000000
0.000000
0.000000
0.000000
0.000000
0.000000
0.000000
0.000000
0.000000
0.000000
0.000000
0.000000
0.000000
0.000000
0.000000
0.000000
0.000000
0.000000
0.000000
0.000000
0.000000
0.000000
0.000000
0.000000
0.000000
0.000000
0.000000
0.000000
0.000000
0.000000
0.000000
0.000000
0.000000
0.000000
0.000000
0.000000
0.000000
0.000000
0.000000
0.000000
0.000000
0.000000
0.000000
0.000000
0.000000
0.000000
0.000000
0.000000
0.000000
0.000000
