0.306705
0.303385
0.300065
0.296744
0.293424
0.290104
0.286784
0.283464
0.280144
0.276823
0.273503
0.270183
0.266863
0.263543
0.260223
0.257381
0.257444
0.257997
0.258549
0.259101
0.259653
0.260205
0.260757
0.261309
0.261861
0.262413
0.262966
0.263517
0.264070
0.264622
0.265174
0.265726
0.266278
0.266830
0.267382
0.267934
0.268486
0.269039
0.269591
0.270143
0.270695
0.271247
0.271799
0.272351
0.272903
0.274445
0.276986
0.279527
0.282068
0.284610
0.287151
0.289692
0.292233
0.294774
0.297316
0.299857
0.302398
0.304939
0.307481
0.310021
0.312563
0.315104
0.317645
0.320187
0.322728
0.325269
0.327810
0.330351
0.332892
0.335434
0.337975
0.340516
0.343057
0.345598
0.348535
0.353870
0.359609
0.365347
0.371086
0.376824
0.382563
0.388302
0.394040
0.399778
0.405517
0.411256
0.416994
0.422733
0.428472
0.434210
0.439949
0.445687
0.451426
0.457165
0.462903
0.468641
0.474380
0.480119
0.485857
0.491596
0.497334
0.503073
0.508812
0.514550
0.520289
0.529699
0.542820
0.555940
0.569061
0.582181
0.595302
0.608423
0.621543
0.634663
0.647784
0.660904
0.674025
0.687146
0.700266
0.713387
0.726507
0.739628
0.752749
0.765869
0.778990
0.792110
0.805231
0.818352
0.831472
0.844593
0.857714
0.870834
0.883955
0.897075
0.910196
0.925554
0.954481
0.985691
1.016903
1.048115
1.079326
1.110537
1.141748
1.172959
1.204171
1.235382
1.266594
1.297805
1.329017
1.360228
1.391439
1.422650
1.453862
1.485073
1.516285
1.547496
1.578708
1.609918
1.641129
1.672341
1.703552
1.734764
1.765976
1.797187
1.828399
1.859609
1.914067
1.992014
2.069961
2.147909
2.225855
2.303803
2.381751
2.459697
2.537644
2.615592
2.693540
2.771485
2.849434
2.927382
3.005327
3.083275
3.161223
3.239168
3.317116
3.395065
3.473009
3.550957
3.628906
3.706853
3.784799
3.862747
3.940694
4.018641
4.096589
4.174536
4.245154
4.271343
4.290049
4.308753
4.327459
4.346165
4.364870
4.383576
4.402282
4.420990
4.439696
4.458400
4.477106
4.495810
4.514515
4.533220
4.551926
4.570633
4.589340
4.608046
4.626750
4.645457
4.664159
4.682867
4.701570
4.720277
4.738984
4.757690
4.776396
4.795101
4.813807
4.824275
4.784795
4.736908
4.689021
4.641129
4.593242
4.545353
4.497466
4.449575
4.401687
4.353800
4.305909
4.258021
4.210130
4.162245
4.114356
4.066467
4.018579
3.970688
3.922801
3.874910
3.827025
3.779135
3.731246
3.683357
3.635468
3.587579
3.539690
3.491804
3.443915
3.396026
3.338836
3.272249
3.205665
3.139078
3.072494
3.005906
2.939322
2.872735
2.806150
2.739563
2.672976
2.606392
2.539805
2.473221
2.406633
2.340049
2.273461
2.206877
2.140290
2.073705
2.007118
1.940533
1.873947
1.807361
1.740775
1.674190
1.607604
1.541017
1.474431
1.407845
1.346729
1.318772
1.296399
1.274026
1.251655
1.229282
1.206909
1.184536
1.162164
1.139792
1.117420
1.095047
1.072674
1.050302
1.027929
1.005557
0.983184
0.960812
0.938439
0.916067
0.893694
0.871321
0.848949
0.826576
0.804204
0.781832
0.759459
0.737087
0.714714
0.692341
0.669969
0.653850
0.644050
0.634249
0.624449
0.614649
0.604849
0.595049
0.585249
0.575448
0.565648
0.555848
0.546048
0.536247
0.526447
0.516647
0.506847
0.497047
0.487247
0.477447
0.467647
0.457846
0.448046
0.438246
0.428446
0.418646
0.408846
0.399045
0.389245
0.379445
0.369645
0.360646
0.356507
0.353187
0.349867
0.346547
0.343227
0.339907
0.336587
0.333266
0.329946
0.326626
0.323306
0.319986
0.316666
0.313345
0.310025
