0.874213
0.873333
0.871992
0.870498
0.869330
0.867428
0.865725
0.864727
0.863982
0.863081
0.861524
0.860415
0.859724
0.858896
0.856950
0.856101
0.854903
0.853069
0.852178
0.851441
0.850812
0.850144
0.849378
0.848615
0.846866
0.845448
0.843901
0.841874
0.839664
0.837991
0.836392
0.834840
0.833861
0.833246
0.832300
0.830626
0.828561
0.826684
0.825963
0.825435
0.824798
0.823816
0.821511
0.818749
0.884978
0.907347
0.940045
0.993668
0.993370
0.989799
1.000000
1.000000
0.997442
0.994978
0.991974
0.989999
0.988370
0.986829
0.984846
0.982637
0.979710
0.977769
0.979139
0.977580
0.975319
0.972678
0.969340
1.000000
0.996680
0.993927
0.989357
0.986592
0.984180
0.980421
0.976091
0.970365
0.963334
0.958991
0.982795
0.995803
0.991114
1.000000
0.996164
0.992944
0.989128
0.986066
0.982689
0.984924
0.981117
0.976806
0.971809
0.965969
0.959482
0.952195
0.947465
0.940892
0.933987
0.985817
0.978435
0.967565
0.955269
0.947962
0.939766
0.929677
0.475635
0.611126
0.604670
0.635204
0.642361
0.701745
0.695568
0.688987
0.687992
0.680667
0.672389
0.784441
0.785404
0.777562
0.769463
0.759204
0.747894
0.739456
0.731860
0.724109
0.714705
0.703915
0.691030
0.676592
0.660822
0.640723
0.613817
0.683761
0.764159
0.765163
0.853892
0.845988
0.835098
0.823472
0.809050
0.791917
0.921273
0.952080
0.930083
0.908590
1.000000
1.000000
0.985747
0.973931
0.956316
0.955376
0.925885
0.903835
0.879228
0.854331
0.817690
0.787982
0.755677
0.716389
0.676275
0.712141
1.000000
0.979802
0.958218
0.947328
0.947416
0.942421
0.916375
0.884948
0.851131
0.820571
0.843136
0.940465
0.935900
0.916866
0.895142
0.869182
0.855555
0.910821
0.883372
0.854557
0.820512
0.775190
0.732978
0.697786
0.669806
0.636566
0.604155
0.568638
0.598734
0.562429
0.525177
0.735570
0.698007
0.691839
0.660492
0.627966
0.587553
0.544490
0.498860
0.454581
0.411592
0.372819
0.436869
0.412539
0.384205
0.355227
0.326992
0.297029
0.268187
0.311634
0.286133
0.261195
0.236500
0.211675
0.190356
0.174823
0.196686
0.183954
0.166639
0.151801
0.139657
0.129660
0.120916
0.111824
0.102119
0.094730
0.086677
0.079257
0.072215
0.065886
0.059861
0.053968
0.049043
0.044652
0.040283
0.035627
0.032318
0.029355
0.026559
0.024201
0.022240
0.020200
0.126730
0.111178
0.093289
0.125704
0.357235
0.342325
0.328513
0.314931
0.300545
0.283288
0.265998
0.248974
0.231124
0.213598
0.201544
0.194212
0.187173
0.181890
0.173108
0.209501
0.197377
0.185488
0.177695
0.171205
0.164713
0.158447
0.175404
0.204858
0.195366
0.184655
0.175774
0.169694
0.164273
0.157881
0.150704
0.142989
0.134978
0.127634
0.119317
0.112676
0.107112
0.102307
0.097820
0.298825
0.290271
0.559119
0.554015
0.549897
0.546143
0.542987
0.540046
0.537140
0.533942
0.530069
0.526022
0.522213
0.517849
0.515300
0.513134
0.511040
0.514189
0.512035
0.510058
0.506984
0.698228
0.695512
0.692697
0.689217
0.685856
0.745897
0.845411
0.848241
0.845287
0.841509
0.836820
0.831899
0.827334
0.823761
0.821311
0.818832
0.814533
0.811056
0.808883
0.805881
0.802813
0.799299
0.794311
0.804441
0.801024
0.798546
0.796144
0.794066
0.791682
0.789923
0.788154
0.928421
0.926414
0.924824
0.923568
0.921902
0.920243
0.919125
0.917564
0.915201
0.917556
0.952991
0.960916
0.959031
0.957216
0.954875
0.951577
0.949175
0.947017
0.944310
0.942776
0.940921
0.938463
0.935987
0.933221
0.931109
0.928510
0.970766
0.999990
