-6.018292
-12.487527
-7.540003
-6.255035
-9.197035
-3.317277
-4.681791
-11.077012
-14.443172
-12.287699
-5.844802
-9.901535
-15.362210
-13.328184
-11.402575
-13.869091
-9.918397
-4.832896
-13.391644
-15.559963
-17.355988
-16.702114
-15.223892
-15.286995
-5.623842
-8.165286
-7.156503
-3.896158
-2.848912
-6.279276
-6.852962
-7.234291
-12.686886
-17.939493
-13.136504
-6.464262
-3.933261
-5.120221
-16.314180
-19.770456
-17.774878
-12.929042
-2.776505
-0.531697
5.110651
1.319896
2.290960
4.260726
8.607103
1.684749
0.945647
1.368259
-2.903846
-3.419638
-0.995143
-6.219262
-8.578874
-9.290008
-6.320058
-5.057293
-1.623080
-6.723714
3.409699
0.064470
-5.022818
-3.157714
-0.274304
2.395615
-0.488163
-2.883865
4.022697
-2.924606
-4.658327
0.965912
2.991520
7.160274
10.308730
2.886478
5.254452
8.878209
7.036827
6.919366
0.698525
-0.944828
0.516019
-2.366348
-1.187693
0.357558
0.262830
2.033423
4.174196
6.487999
8.057267
15.270370
3.181831
8.132785
8.861663
7.822861
9.682812
15.873540
17.892254
9.416225
11.192204
14.513808
9.260812
3.368915
4.615306
4.613059
4.357864
1.237529
3.505846
4.453439
6.907970
5.941831
7.777847
9.908217
7.039413
6.653695
7.109208
10.763771
12.285335
7.641980
5.998775
6.276676
9.234137
11.382077
14.225470
16.088387
17.561020
21.715044
26.931810
21.330790
19.378611
10.411983
7.669638
9.886726
10.395312
11.237733
14.521177
17.181425
18.888947
19.314533
20.641682
20.055435
19.241297
10.804405
12.604650
12.699340
16.294546
17.575647
24.758898
18.954920
20.677679
21.385321
27.441694
23.626995
25.052443
28.578636
29.071352
24.069550
16.437824
16.549112
16.636168
16.156942
17.436024
18.626617
19.215734
22.325764
23.501915
21.716625
24.134970
21.847429
20.943478
17.013254
15.506612
18.444384
16.751574
21.229231
19.187412
19.993652
22.868319
27.987381
26.765636
23.622679
19.757616
22.839350
22.580904
24.468998
23.247883
24.896812
25.786730
26.320152
24.630463
21.325817
21.670483
22.489340
26.564846
28.071102
29.632990
29.792435
30.181343
29.482489
24.952396
26.784874
25.537796
24.678835
25.311012
27.583237
28.439793
24.949343
24.533188
25.413019
26.689718
28.437803
27.530436
23.586012
22.339483
24.258562
24.594490
24.507694
22.102827
19.525639
18.304991
19.998173
22.298401
18.954458
20.674765
21.487167
21.906549
21.441587
21.964569
23.034891
21.492342
20.985388
22.787653
25.352633
21.194258
20.815287
21.380919
20.091677
18.488638
20.565554
17.828423
23.599083
28.277790
26.078403
17.002573
14.162972
13.260102
13.332447
14.628397
18.087717
18.683796
19.040331
20.530348
21.007288
15.565156
8.294162
8.164109
9.851463
12.646360
14.246235
16.974159
17.425375
11.353271
9.103186
9.703249
9.778875
11.455977
12.557864
14.833584
17.560745
15.320602
10.027493
8.877606
12.124888
14.794929
16.945353
18.705019
18.540144
22.170506
19.934765
18.514633
17.574997
17.912558
14.591675
13.609523
10.083126
11.609168
8.732388
7.750634
5.528430
4.854905
5.065688
6.941871
10.403603
11.727555
11.467525
14.401000
6.780634
4.878849
4.886406
4.742399
6.123045
5.573408
12.909357
5.672191
2.207266
2.963212
6.410078
6.192671
5.895280
3.171754
3.429270
0.660549
4.384379
7.775641
8.647121
7.515055
4.007418
-1.240957
-1.013107
7.104892
4.010946
-2.390069
2.034536
2.455860
4.592792
10.111254
8.945148
4.262241
-0.309786
-0.628739
-2.364613
-0.566071
-4.279180
-4.142900
1.188517
-3.834783
-6.648176
-9.435994
-6.033745
-6.057704
-10.736084
-6.747829
0.597608
2.881646
4.003998
5.811206
-3.696380
-4.148305
-0.972257
3.928984
-0.625682
-1.964109
1.837108
-6.143456
-3.827199
-0.311028
-0.212226
1.370267
-2.211652
0.455540
5.083247
2.114321
