0.791204
0.000000
0.000000
0.000000
0.000000
0.000000
1.799428
0.069748
0.000000
0.000000
7.137148
0.524084
0.000000
0.000000
0.000000
0.000000
5.315269
1.504068
0.522144
0.000000
0.000000
0.592575
0.000000
0.000000
0.000000
0.000000
0.000000
0.000000
0.000000
0.000000
0.000000
5.264428
5.766637
0.000000
0.000000
0.000000
0.835551
0.000000
0.000000
0.000000
0.000000
0.000000
0.000000
0.000000
0.000000
0.000000
0.000000
0.000000
0.000000
0.000000
10.604769
2.505485
0.036822
0.000000
0.000000
0.000000
0.446711
0.748541
0.000000
0.000000
0.000000
0.000000
0.000036
0.465256
0.000000
0.000000
0.000000
14.747144
0.000000
0.000000
0.000000
0.000000
0.000000
0.000000
0.000000
0.000000
0.000000
0.000000
6.424674
4.361149
0.322421
30.019125
0.000000
0.120083
0.000000
0.000000
0.000000
1.413742
0.000000
0.000000
0.000000
0.000000
0.000000
0.737710
0.000000
0.000000
0.000000
12.906973
0.000000
0.000000
0.000000
0.000000
0.000000
0.000000
0.247562
18.899036
0.000000
7.922096
2.627213
17.688393
0.000000
0.123730
1.018054
0.000000
0.000000
26.181032
1.304882
0.000000
0.000000
0.000044
0.000000
0.000000
0.000000
0.000000
0.000000
0.000000
0.000152
0.000000
0.000000
0.000000
0.000000
11.863752
12.952377
1.681796
12.714789
0.510026
0.000000
0.000000
0.000000
0.000000
21.660500
10.776919
0.000000
0.000000
38.601475
4.955711
0.000000
0.602922
0.345875
2.724715
0.411035
0.000000
0.245825
0.416998
0.000000
0.149231
0.000000
0.000000
0.000000
9.141138
50.763535
0.483565
0.000000
1.681371
3.353096
2.949009
0.000000
0.000000
0.000000
0.000000
7.951765
17.073879
3.741662
1.096269
0.000000
0.000000
1.820439
11.683200
0.000000
0.000000
0.000000
0.000000
0.000000
0.000000
0.000000
0.000000
0.000000
0.000000
9.220719
0.000000
0.000000
33.393867
0.000000
4.088489
0.000000
0.008169
0.426160
0.000000
0.188217
0.000000
0.000000
0.000000
14.112292
2.613515
1.460910
0.000000
0.000000
0.000000
0.000000
11.404394
0.000000
0.000000
0.000000
0.000000
0.000000
0.000000
7.895396
2.338892
0.001548
1.211801
1.092698
0.013401
0.000000
0.000000
0.000000
0.032644
0.000000
0.000000
0.000000
0.000000
0.000000
0.016439
0.000000
0.000000
1.005031
0.000000
0.000000
0.000000
0.000000
0.000000
0.064397
0.000000
17.478384
0.000000
0.907857
9.623628
33.373306
0.000000
0.000000
0.000000
0.000000
0.000000
0.000000
0.000000
0.000000
0.000000
0.000000
0.002199
0.000000
1.129096
0.100543
7.304830
0.000000
0.000000
0.000000
0.000000
0.000000
0.000000
4.248970
5.935699
0.000000
0.000000
0.000000
0.000000
0.000000
0.000000
0.000000
0.000000
0.000000
0.000000
0.000000
0.000000
0.000000
0.144686
0.000073
27.827494
0.000000
0.000000
0.249255
0.000000
0.000000
0.000000
0.000000
0.000000
0.000000
0.000000
0.001415
0.000000
0.000000
0.000000
0.000000
0.000000
0.729738
0.000000
0.000000
0.000000
16.155352
0.000000
0.000000
0.000000
0.000000
5.797704
22.815565
1.601372
0.000000
0.000000
0.000000
0.000000
0.000000
0.000000
0.000000
0.000000
0.000000
0.000000
0.000000
0.000000
0.000000
0.000000
0.000000
3.455607
0.000000
0.000000
0.000000
0.000000
0.000000
0.000000
9.100652
23.349718
0.000000
0.000000
0.000000
0.000000
0.336134
0.000000
0.000000
0.176902
0.000000
8.998207
2.816820
0.000000
0.000000
0.000000
0.000000
0.000000
0.035903
0.000000
0.000000
0.000000
0.000000
0.000000
0.000000
0.000000
0.000000
10.809420
7.609255
