-17.573565
-17.357161
-11.303102
-12.276532
-11.365386
-3.047659
-1.777060
-8.824895
-13.621925
-11.393167
-16.223434
-19.597902
-15.873563
-10.060318
-10.560261
-14.772101
-8.005462
-10.403686
-21.783804
-18.744873
-16.660868
-13.055114
-19.358629
-12.387409
-6.711173
-8.658046
-6.776873
-2.859793
-2.155961
-13.708444
-16.400620
-16.873852
-21.746933
-18.827496
-7.899850
-2.803209
-2.039977
-10.903930
-21.665255
-21.807558
-17.810898
-8.377463
-0.202980
2.574518
2.446427
1.597678
4.241868
5.075905
1.065624
-4.892818
-5.088586
-9.487522
-14.898279
-10.448061
-9.556767
-16.814793
-18.767225
-13.162440
-11.466455
-9.295122
-10.718793
-13.480353
-7.266125
-13.751754
-12.466350
-7.878103
-9.053390
-6.824687
-9.378492
-5.294002
0.785849
-7.587338
-6.706428
2.543843
6.557644
9.172169
4.940869
4.213774
7.539281
6.479612
4.589530
0.730641
-4.291894
-3.159004
-1.139214
-1.441298
-0.627774
0.061645
0.519508
2.605906
4.329828
6.132200
7.307883
4.724966
4.831394
8.976935
9.548041
10.805341
9.379828
9.769886
5.974630
10.485633
14.959022
5.318573
2.475405
-0.956372
-0.377522
1.793570
2.898671
3.444732
3.878787
5.229030
8.189401
6.719586
9.223435
9.506741
7.944005
10.210847
13.174905
14.131818
4.791272
5.654455
5.453746
9.679412
12.254478
12.523387
14.955440
16.371063
19.921284
20.546406
18.877085
14.166756
6.922092
6.404546
7.608406
10.371955
11.816469
13.740801
14.704422
16.481670
15.926986
17.361387
16.467499
16.578083
14.743487
11.568454
13.014305
12.227897
15.477287
16.263918
20.463800
13.973327
17.122314
23.686695
20.660351
20.490450
23.889391
27.810766
23.330431
13.859800
12.932622
12.816417
16.067657
18.746420
18.655952
17.688944
19.360672
22.171026
19.988703
19.933842
22.005005
19.955145
15.884192
16.263395
18.149734
20.518005
21.581295
19.631863
17.667995
20.762737
26.646591
27.548725
22.394651
23.312283
24.039330
25.216047
22.706806
23.544256
25.207251
26.780312
27.169165
25.650166
23.506937
20.541100
20.164314
25.475826
28.007990
29.778040
30.976648
31.385803
31.520994
25.324444
24.778694
27.025555
24.098263
23.930979
27.201759
27.225513
26.592461
24.021137
26.032568
27.702448
29.437078
29.891678
22.581137
22.936554
24.504005
24.009876
22.556053
22.270979
21.353760
18.520424
20.471239
21.749268
21.677593
20.785006
22.605448
24.077730
20.143623
20.926327
21.524923
19.730679
18.148848
21.130394
24.904755
26.166477
20.649258
22.241413
23.664850
21.077621
19.396730
19.805696
21.902342
26.469315
24.905315
20.280025
15.060873
14.377711
16.161459
18.632881
18.990387
19.346628
21.012457
21.778790
23.303341
19.697111
13.692217
7.577752
6.993156
9.634020
13.353724
15.937662
17.338774
13.083994
8.645477
8.650475
11.934188
14.025501
12.328958
14.227216
16.738396
20.419933
12.049334
11.894897
16.792980
19.597353
20.244869
21.518799
21.735128
20.980385
19.215185
15.158155
16.418837
15.686028
16.866911
13.354070
12.525277
7.991043
10.038082
8.084882
6.747812
4.124522
0.778560
3.933337
10.008331
9.862920
11.121743
11.810056
8.775488
2.703936
4.027635
4.723755
5.454019
3.923692
7.370497
7.632498
0.925825
2.704894
6.464320
8.675393
3.510638
3.149110
3.128844
0.918487
0.619094
6.941401
7.478364
4.803956
4.331285
-0.999764
-5.303810
-3.058811
0.042825
-11.473262
-8.653394
-0.066132
0.872722
5.233194
8.593792
5.014239
-2.392581
-2.054734
2.186076
0.624418
-0.067153
-4.887811
-3.047852
-5.039016
-6.988011
-13.742435
-9.400497
-2.920740
-8.906471
-11.403985
-0.136889
0.692286
-3.564405
-1.493580
-1.288804
-6.168648
-4.222327
0.594645
4.005231
-5.400929
-3.069871
-3.499790
-4.752447
-1.599804
1.240567
2.161792
4.198390
-2.929547
1.219103
0.811402
0.511831
