0.380514
0.376296
0.372079
0.367861
0.363643
0.359426
0.355208
0.350990
0.346772
0.342555
0.338337
0.334120
0.329902
0.325684
0.321467
0.317535
0.315337
0.313431
0.311524
0.309618
0.307712
0.305806
0.303900
0.301993
0.300087
0.298181
0.296275
0.294369
0.292463
0.290557
0.288650
0.286744
0.284838
0.282932
0.281026
0.279119
0.277213
0.275307
0.273401
0.271495
0.269588
0.267682
0.265776
0.263870
0.261964
0.262227
0.264684
0.267140
0.269597
0.272053
0.274509
0.276966
0.279422
0.281878
0.284335
0.286791
0.289248
0.291704
0.294160
0.296617
0.299073
0.301530
0.303986
0.306442
0.308899
0.311355
0.313811
0.316268
0.318724
0.321180
0.323637
0.326093
0.328549
0.331006
0.334168
0.341605
0.349764
0.357922
0.366079
0.374237
0.382396
0.390553
0.398711
0.406869
0.415027
0.423185
0.431343
0.439501
0.447659
0.455817
0.463975
0.472133
0.480291
0.488449
0.496607
0.504765
0.512922
0.521081
0.529239
0.537397
0.545555
0.553713
0.561871
0.570028
0.578187
0.590377
0.606642
0.622906
0.639170
0.655435
0.671700
0.687965
0.704229
0.720493
0.736759
0.753023
0.769287
0.785553
0.801817
0.818081
0.834346
0.850611
0.866875
0.883140
0.899404
0.915669
0.931934
0.948198
0.964463
0.980728
0.996992
1.013256
1.029522
1.045786
1.062050
1.079817
1.106692
1.135099
1.163507
1.191915
1.220323
1.248731
1.277138
1.305546
1.333954
1.362362
1.390770
1.419178
1.447586
1.475994
1.504402
1.532810
1.561218
1.589626
1.618034
1.646442
1.674850
1.703258
1.731666
1.760072
1.788480
1.816888
1.845296
1.873704
1.902112
1.930519
1.960477
1.991997
2.023517
2.055038
2.086559
2.118080
2.149600
2.181122
2.212641
2.244163
2.275683
2.307204
2.338723
2.370245
2.401765
2.433287
2.464806
2.496328
2.527848
2.559370
2.590889
2.622411
2.653931
2.685453
2.716972
2.748492
2.780014
2.811533
2.843055
2.874575
2.901335
2.899216
2.892235
2.885254
2.878273
2.871292
2.864311
2.857331
2.850350
2.843369
2.836388
2.829407
2.822427
2.815447
2.808466
2.801485
2.794504
2.787523
2.780543
2.773562
2.766581
2.759600
2.752619
2.745638
2.738660
2.731680
2.724699
2.717718
2.710737
2.703756
2.696775
2.686499
2.656237
2.622611
2.588984
2.555358
2.521731
2.488106
2.454478
2.420852
2.387225
2.353600
2.319974
2.286347
2.252721
2.219094
2.185468
2.151841
2.118215
2.084588
2.050964
2.017336
1.983710
1.950083
1.916458
1.882831
1.849205
1.815578
1.781952
1.748325
1.714699
1.681072
1.653233
1.631242
1.609252
1.587261
1.565270
1.543279
1.521289
1.499298
1.477306
1.455315
1.433326
1.411335
1.389343
1.367352
1.345361
1.323371
1.301380
1.279389
1.257398
1.235408
1.213417
1.191425
1.169434
1.147443
1.125453
1.103462
1.081471
1.059480
1.037489
1.015499
0.994826
0.982147
0.970815
0.959482
0.948150
0.936817
0.925485
0.914153
0.902820
0.891488
0.880155
0.868824
0.857491
0.846159
0.834826
0.823494
0.812161
0.800829
0.789496
0.778164
0.766831
0.755499
0.744166
0.732834
0.721502
0.710169
0.698837
0.687504
0.676172
0.664839
0.653507
0.644552
0.638001
0.631449
0.624897
0.618345
0.611794
0.605242
0.598691
0.592139
0.585587
0.579036
0.572484
0.565933
0.559381
0.552829
0.546277
0.539726
0.533174
0.526623
0.520071
0.513519
0.506968
0.500416
0.493864
0.487312
0.480761
0.474209
0.467658
0.461106
0.454554
0.448292
0.443779
0.439561
0.435344
0.431126
0.426908
0.422690
0.418473
0.414255
0.410038
0.405820
0.401602
0.397385
0.393167
0.388949
0.384732
