0.000000
0.000000
0.000000
0.000000
0.000000
0.000000
0.000000
0.000000
0.000000
0.000000
0.000000
0.000000
0.000000
0.000000
1.000000
1.000000
1.000000
1.000000
1.000000
1.000000
1.000000
1.000000
1.000000
1.000000
1.000000
1.000000
1.000000
1.000000
1.000000
1.000000
1.000000
1.000000
1.000000
1.000000
1.000000
1.000000
1.000000
1.000000
1.000000
1.000000
1.000000
1.000000
1.000000
1.000000
1.000000
1.000000
1.000000
1.000000
1.000000
1.000000
1.000000
1.000000
1.000000
1.000000
1.000000
1.000000
1.000000
1.000000
1.000000
1.000000
1.000000
1.000000
1.000000
1.000000
1.000000
1.000000
1.000000
1.000000
1.000000
1.000000
1.000000
1.000000
1.000000
1.000000
1.000000
1.000000
1.000000
1.000000
1.000000
1.000000
1.000000
1.000000
1.000000
1.000000
1.000000
1.000000
1.000000
1.000000
1.000000
1.000000
1.000000
1.000000
1.000000
1.000000
1.000000
1.000000
1.000000
1.000000
1.000000
1.000000
1.000000
1.000000
1.000000
1.000000
0.481404
0.481404
0.481404
0.481404
0.481404
0.481404
0.481404
0.481404
0.481404
0.481404
0.481404
0.481404
0.481404
0.481404
0.481404
0.481404
0.481404
0.481404
0.481404
0.481404
0.481404
0.481404
0.481404
0.481404
0.481404
0.481404
0.481404
0.481404
0.486559
0.495931
0.505304
0.514676
0.529501
0.545001
0.560500
0.575999
0.591498
0.606997
0.622497
0.637996
0.653495
0.668994
0.684493
0.699993
0.715492
0.730991
0.746490
0.761989
0.777488
0.792988
0.808487
0.823986
0.839485
0.854984
0.870484
0.885983
0.901482
0.916981
0.932480
0.947980
0.963479
0.978978
0.994477
1.009976
1.025476
1.032071
1.038198
1.044324
1.050451
1.056578
1.062704
1.068831
1.074958
1.081085
1.087211
1.093338
1.099465
1.105592
1.111718
1.117845
1.123972
1.130098
1.136225
1.138369
1.138369
1.138369
1.138369
1.138369
1.138369
1.138369
1.138369
1.138369
1.138369
1.138369
1.138369
1.138369
1.138369
1.138369
1.138369
1.138369
1.138369
1.138369
1.138369
1.138369
1.138369
1.138369
1.138369
1.138369
1.138369
1.138369
1.138369
1.138369
1.138369
1.138369
1.138369
1.138369
1.138369
1.138369
1.138369
1.138369
1.138369
1.138369
1.138369
1.138369
1.138369
1.138369
1.138369
1.138369
1.138369
1.138369
1.138369
1.138369
1.138369
1.138369
1.138369
1.138369
1.138369
1.138369
1.138369
1.138369
1.138369
1.138369
1.138369
1.136567
1.129636
1.122705
1.115774
1.103969
1.088915
1.073861
1.058807
1.043752
1.028698
1.013644
0.998590
0.983536
0.968482
0.953428
0.938374
0.923320
0.908266
0.893212
0.878158
0.863104
0.848050
0.832996
0.817942
0.802888
0.787834
0.772780
0.757726
0.742672
0.727618
0.712563
0.697509
0.682455
0.667401
0.652347
0.637293
0.622239
0.607185
0.592131
0.577077
1.000000
1.000000
1.000000
1.000000
1.000000
1.000000
1.000000
1.000000
1.000000
1.000000
1.000000
1.000000
1.000000
1.000000
1.000000
1.000000
1.000000
1.000000
1.000000
1.000000
1.000000
1.000000
1.000000
1.000000
1.000000
1.000000
1.000000
1.000000
1.000000
1.000000
1.000000
1.000000
1.000000
1.000000
1.000000
1.000000
1.000000
1.000000
1.000000
1.000000
1.000000
1.000000
1.000000
1.000000
1.000000
1.000000
1.000000
1.000000
1.000000
1.000000
1.000000
1.000000
1.000000
1.000000
1.000000
1.000000
1.000000
1.000000
1.000000
1.000000
1.000000
0.000000
0.000000
0.000000
0.000000
0.000000
0.000000
0.000000
0.000000
0.000000
0.000000
0.000000
0.000000
0.000000
0.000000
0.000000
0.000000
0.000000
