25.120373
25.097252
25.058109
25.022627
24.984724
24.909985
24.829700
24.786198
24.757925
24.723995
24.702110
24.686138
24.663872
24.627216
22.462671
22.410246
22.316645
22.240856
22.213655
22.177614
22.134121
22.074371
22.040529
21.977478
21.875830
21.790222
21.690727
21.554882
21.413076
21.360003
21.318323
21.278435
21.252974
21.219576
21.132658
21.001539
20.863974
20.798891
20.774202
20.749815
20.714512
20.634064
20.478558
26.638512
32.561184
36.925690
46.127537
55.115711
55.797840
55.455215
55.116585
54.880894
54.732800
54.513687
54.276253
54.149792
54.043388
53.866982
53.661705
53.413506
53.192696
53.018105
52.719906
52.547943
52.354710
52.067688
51.806599
51.490582
51.234455
50.872902
50.286507
49.985210
49.659687
55.826256
56.817501
56.817501
56.013199
55.243958
55.321766
54.421112
56.817501
56.817501
56.398300
55.936966
55.392555
54.859062
54.287868
56.262470
55.634270
55.164490
54.348869
53.423225
52.420738
51.572231
50.715298
49.589676
48.419987
47.151382
45.991531
45.247066
45.092850
43.841980
42.309570
41.818962
65.726830
71.085884
70.392082
70.090981
73.662254
74.750847
73.803963
75.254784
74.461357
73.307220
71.947174
71.259293
72.289742
73.324242
71.556709
76.069061
75.026550
73.920166
72.825912
71.384094
76.063255
74.803719
72.778908
74.488396
81.057961
78.194862
75.596970
75.883080
83.658684
82.444092
86.895584
85.296799
83.534630
81.536278
79.672165
85.825020
91.624344
90.971497
89.557686
94.049934
93.731117
91.870445
92.650513
94.049934
91.631241
91.110023
94.049934
91.793892
89.047050
84.998650
81.586754
78.201675
74.086021
68.989136
65.087578
62.905640
64.798973
62.732407
61.383369
68.607956
74.256432
77.888290
74.521675
76.054039
72.538300
69.060570
65.185440
94.051231
94.051231
91.992592
88.694702
85.197006
81.164154
79.282204
76.084435
72.261108
66.959099
61.482742
61.179867
56.987843
52.775761
48.508781
45.082710
41.777702
38.493576
37.296295
34.140339
31.541636
36.403820
34.230831
33.367218
30.297884
27.169943
24.147406
21.356951
18.627289
16.082373
14.407228
12.879972
11.260146
9.996555
8.840692
11.555439
49.993740
45.586845
41.372429
36.761806
31.867426
26.739552
21.865370
18.969229
16.297001
13.722198
11.808023
10.142203
8.763841
7.662097
6.879056
6.096251
28.973515
25.898279
23.113979
20.642179
17.710230
15.607386
13.621545
11.808723
10.401460
9.342947
8.186659
6.979026
5.937833
5.332452
4.761986
4.234656
11.523286
20.347090
19.287443
16.887768
14.031171
11.749010
10.251510
9.295530
8.488534
7.675980
6.844588
6.119250
5.490897
4.905672
4.396171
3.933972
3.624520
3.438326
3.323778
3.833310
3.662482
3.534111
3.332907
3.127174
2.988204
2.893197
2.805144
2.704546
2.599607
2.513681
2.424855
2.330353
2.224045
2.166982
2.114466
2.048458
1.977138
1.910094
1.844770
1.799846
3.381809
27.873474
29.342968
40.314972
38.737503
37.071617
35.750534
34.517036
37.052063
36.240883
35.398388
34.635490
34.001831
33.502522
32.890903
32.154991
31.279867
30.350006
29.400124
28.635487
28.134344
27.596291
27.043840
26.476494
25.975983
25.362206
24.755922
24.380159
23.965538
23.446875
23.805075
23.385836
22.988100
22.602198
22.279860
21.972511
21.515963
21.062323
20.698250
20.343960
20.119507
19.965433
19.784479
19.558784
19.474119
19.373669
19.168243
18.951614
19.106890
18.750555
18.484369
18.334902
18.185814
17.988131
17.817671
17.661314
17.558954
17.443127
17.347486
17.268118
17.224524
17.161963
17.057051
16.994915
16.945648
16.822922
16.697626
16.611300
16.512291
17.417971
17.388481
17.354919
17.307604
17.396984
17.370188
17.338829
17.309706
17.284382
17.252825
17.215513
17.177938
17.137350
17.114794
17.085054
20.553436
20.444033
