7.475227
0.000000
0.000000
0.000000
0.000000
0.000000
0.370994
0.000000
0.000000
7.819155
2.754678
0.000000
0.039463
0.000898
0.769569
0.000000
0.000000
0.000000
1.919297
0.000000
0.000000
0.000000
0.449636
0.000000
0.000000
0.000000
0.000000
0.000000
0.000000
0.007514
7.066297
2.272440
0.000000
0.000000
0.000000
0.398112
3.236090
0.000000
0.000000
0.000000
0.000000
0.000000
0.000000
0.000000
0.000000
0.000000
0.000000
0.000000
0.000000
0.000000
11.883840
13.243548
0.000000
0.000000
0.000000
0.852338
1.841745
1.786747
0.000000
0.000000
0.000000
0.000000
0.000000
0.000000
0.298422
0.000344
3.045023
1.630141
0.000000
0.000000
0.000000
0.000000
0.000000
0.017478
0.000000
0.000000
0.000000
0.000000
1.474344
0.000000
8.920822
2.110092
0.347322
0.000000
0.000000
0.000000
0.000000
3.568292
0.000000
0.000000
0.094288
0.000000
0.000000
0.050522
0.000000
0.032382
0.000000
0.000000
0.000000
0.715776
1.177549
0.000000
0.270750
0.670159
27.480080
13.370575
0.000013
0.647475
7.509206
3.407421
0.000000
2.812146
0.622238
0.000000
0.000000
0.867958
2.498186
2.713203
0.000000
6.699755
0.000000
0.000000
0.000000
0.000000
6.702184
0.671250
0.000000
4.203780
10.219901
0.000000
0.000000
2.501323
10.578664
0.000000
6.042254
0.000000
0.000000
0.000000
0.495615
8.794412
11.501925
2.167059
1.294000
18.369787
2.270336
0.000000
3.102984
12.209616
0.003719
2.322334
11.397389
0.000000
0.172616
0.000000
0.000000
0.000000
0.000000
0.000000
0.000000
0.000000
4.494676
0.000000
1.621834
10.852630
9.283913
7.107111
0.000000
5.997420
0.000000
0.000000
0.262070
55.119747
14.951915
1.318053
0.000000
0.745934
0.003903
2.193339
0.000000
0.000000
0.000000
0.000000
4.490904
0.000000
0.000000
0.008421
0.000000
0.000000
0.000000
4.127527
0.000000
0.000000
10.030553
1.179007
3.019286
0.000000
0.350628
0.000000
0.866819
0.000000
0.000000
0.000000
0.329719
0.015893
0.000000
0.000000
8.813019
44.536896
1.180155
0.017657
0.000000
0.000000
0.000000
0.370870
0.000000
0.000000
0.000000
1.021884
0.000000
0.000000
0.000044
0.000000
0.000000
27.278650
0.000000
0.000000
0.000000
0.000000
0.000000
0.112427
0.439472
0.004949
0.672649
0.000000
0.020118
0.000000
0.000000
0.000000
0.000000
11.436305
12.656062
2.129188
0.000000
0.000000
0.062396
0.000000
0.000000
0.000000
0.000000
0.000000
0.000000
0.000000
0.000000
0.000000
0.000000
0.000000
0.071402
0.000000
2.172942
0.000000
0.998955
0.458519
0.000000
0.170572
0.000000
0.000000
0.000000
0.000000
0.000000
0.000000
0.000000
0.000000
0.000000
0.000000
0.000000
0.000000
0.000000
0.000000
0.000000
4.381456
27.505518
3.488534
13.306880
0.000000
0.028972
0.000000
0.000000
0.000000
0.424831
0.000000
0.000000
0.000000
0.000000
0.000000
0.429980
0.006472
0.000000
0.000000
0.000000
0.000000
0.000000
0.000000
0.000000
0.000000
0.000000
0.000000
0.000000
0.000000
0.000000
1.801278
0.000000
0.000000
0.000000
0.000000
0.000000
0.000000
0.000000
0.000000
0.000000
0.000000
0.000000
0.000000
0.000332
1.078186
0.000000
0.000000
0.000000
0.000000
0.000000
0.000000
0.000000
0.000000
0.000000
0.000000
0.000000
0.000000
0.000000
0.000000
0.015909
0.000000
0.000000
0.000000
0.000000
0.000000
0.000000
0.000000
0.000000
0.267771
0.000000
0.000000
0.000000
0.000000
0.000000
0.000000
0.000000
0.000000
0.000000
0.000000
0.000000
0.000000
0.000000
0.000000
0.000000
3.888045
0.000000
