0.480750
0.480308
0.479559
0.478880
0.478155
0.476725
0.475189
0.474357
0.473816
0.473167
0.472748
0.472443
0.472017
0.471316
0.392430
0.391581
0.390068
0.388845
0.388407
0.387826
0.387126
0.386166
0.385622
0.384610
0.382981
0.381612
0.380024
0.377860
0.375608
0.374767
0.374108
0.373478
0.373076
0.372550
0.371180
0.369117
0.366961
0.365944
0.365558
0.365178
0.364628
0.363375
0.360959
0.471023
0.576848
0.654831
0.819247
0.986940
1.000000
0.993878
0.987828
0.983617
0.980971
0.977056
0.972813
0.970554
0.968653
0.965501
0.961833
0.957399
0.953454
0.950334
0.945006
0.941934
0.938482
0.933354
0.928689
0.923043
0.918467
0.912008
0.901532
0.896149
0.890334
0.986648
1.000000
1.000000
0.985806
0.972231
0.973574
0.957681
1.000000
1.000000
0.992602
0.984461
0.974854
0.965439
0.955360
0.990131
0.979046
0.970748
0.956355
0.940021
0.922331
0.907360
0.892240
0.872380
0.851745
0.829367
0.808910
0.795768
0.793026
0.770970
0.743952
0.735295
0.822478
0.859173
0.848515
0.843175
0.876814
0.884267
0.869745
0.887718
0.874888
0.857191
0.836339
0.824810
0.837310
0.849581
0.822498
0.882418
0.866450
0.849506
0.832751
0.810677
0.873172
0.853221
0.822236
0.842825
0.927453
0.883663
0.843941
0.845154
0.945261
0.926729
0.951400
0.927226
0.900660
0.870629
0.842366
0.923742
0.983523
0.971632
0.949549
1.000000
0.993896
0.966580
0.975351
1.000000
0.964781
0.955570
1.000000
0.967448
0.927943
0.869919
0.821212
0.773096
0.714882
0.643266
0.589031
0.559085
0.584242
0.556082
0.537573
0.635820
0.712588
0.761845
0.715592
0.736238
0.688276
0.641120
0.588985
1.000000
1.000000
0.971966
0.927042
0.879515
0.824801
0.799574
0.756403
0.704956
0.633942
0.561224
0.558114
0.503353
0.449314
0.396052
0.355089
0.317514
0.282624
0.271467
0.241731
0.219742
0.287796
0.263807
0.255072
0.223204
0.193650
0.168110
0.146822
0.127248
0.109583
0.098108
0.087684
0.076649
0.068052
0.060193
0.099097
0.627606
0.567134
0.508943
0.445092
0.377156
0.305965
0.238642
0.199260
0.163590
0.130189
0.106517
0.086895
0.071657
0.060294
0.052700
0.045523
0.359964
0.316246
0.276663
0.251945
0.210464
0.181099
0.153810
0.129482
0.111213
0.097987
0.084048
0.070262
0.059277
0.053436
0.048231
0.043685
0.145838
0.269186
0.253935
0.218685
0.176902
0.143937
0.122742
0.109504
0.098438
0.087578
0.076786
0.067702
0.060148
0.053426
0.047885
0.043147
0.040174
0.038466
0.037445
0.044477
0.042569
0.041163
0.039008
0.036883
0.035507
0.034593
0.033762
0.032832
0.031885
0.031130
0.030366
0.029573
0.028703
0.028250
0.027840
0.027330
0.026788
0.026288
0.025808
0.025478
0.045351
0.383245
0.402075
0.552560
0.528091
0.502155
0.481514
0.462179
0.674575
0.660056
0.644978
0.631324
0.619985
0.611050
0.600105
0.586938
0.571282
0.554650
0.537664
0.523995
0.515039
0.505427
0.495559
0.485430
0.476497
0.465547
0.454738
0.448042
0.440658
0.431426
0.437830
0.430369
0.423294
0.416435
0.410710
0.405255
0.397156
0.389119
0.382676
0.376316
0.372355
0.369639
0.366450
0.362475
0.360986
0.359149
0.355484
0.351680
0.354454
0.348197
0.343531
0.340916
0.338309
0.334857
0.331884
0.329160
0.327380
0.325367
0.323706
0.322329
0.321573
0.320489
0.318672
0.317597
0.316746
0.314625
0.312463
0.310976
0.309272
0.333452
0.332887
0.332245
0.331339
0.333050
0.332537
0.331937
0.331380
0.330895
0.330291
0.329577
0.328858
0.328081
0.327649
0.327080
0.393468
0.391374
